48.64924336367758 126.94267552382011 592.6734057061258 208.20582943796387 547.2060634389185 
424.10009053266845 474.12793678081084 404.68615278283596 362.02034503909914 503.24500764047826 
320.99802137730586 297.52239082901235 449.2257236588185 616.2918081534899 431.07403825267886 
512.0309828269236 146.98593588014967 492.498604215688 388.9935444883613 409.7403894665025 
83.44145532221408 484.5455879053794 23.8400606357484 217.61762831138384 211.88993483941474 
605.7142811198867 93.5849351480998 341.7551800335829 259.9193279378342 132.38684587894807 
158.09133205906963 314.73713115384305 429.212385800541 596.083785427799 252.39902153480313 
575.9032871175622 332.7412643105092 139.25910189321013 522.0084852884754 233.72994706790234 
306.0710939240893 359.07141521704176 331.88352163357433 309.5461322605214 379.4910903215419 
113.34997948048982 310.8906878212159 511.8040622995427 147.69212574279766 112.97427568716614 
143.3945900942088 540.1225236177062 523.7093881087869 274.8858533676374 69.72768543858666 
268.3219288506646 113.84898972197355 159.95135488342123 407.2532791298947 505.66989481265273 
100.31709453190909 369.8952830343536 153.74060110201856 185.55598126129814 468.27060010302597 
527.5213340886197 84.77064076549365 380.81433322218425 564.0077868082936 414.4411652933965 
306.8914310781034 494.91309704870093 321.0180016783967 190.5290926499705 378.24166266038117 
328.2292501697796 440.6088296631917 569.3217087106842 58.361278525688626 268.6276297644305 
563.8298152647546 373.5810637030706 98.90785422156364 405.56292101508353 21.411173887731 
445.2401002251894 236.99745418514487 116.92332312342708 498.4364709296797 233.94926644947049 
102.88874675762558 427.8347207959693 500.4679359448921 538.4428863203694 503.72918935994875 
190.64394080221834 457.84311721312525 224.94410886512875 295.08191875319955 85.30008671559524 
254.86172733101313 96.82721626862559 401.9521623562578 389.3525448510203 520.581362805855 
239.75593848801324 301.0319709470529 216.7843102924648 567.9407828666538 116.51670157963379 
25.88182496943279 74.89973117377087 417.92974786683806 35.76533681450205 506.7681517004516 
138.48496694851298 95.52375827671658 368.9061822251889 606.8753099704363 590.4603884523059 
334.1029226278642 439.3222154191109 166.61076229590284 328.24320208228687 575.0732998778385 
358.1750643644362 517.7223532159001 85.03940519777163 499.4096361033881 230.99354839465957 
78.94628405174886 565.2836903429388 77.83839978409637 309.2695380235264 194.90468052901255 
143.44595389035868 476.37943208759367 411.2799691006426 529.9712943078362 425.4233977451336 
503.9654963978925 86.35353614889566 78.8243555598932 521.7366606613967 238.85806584972033 
546.8011015797017 205.40508634564205 31.749052747555886 220.57829783427727 541.7283411568541 
