312.1467659108731 248.64469554524698 293.79036292785145 292.7960809717014 31.865405637014224 
15.288204094896386 134.43378732355004 348.8247356510443 482.7904948702253 212.95003638052538 
307.83592857607465 496.28926465535454 214.83014474084587 184.10803719479918 222.88948031278397 
146.03828515456607 145.83994180200594 398.13362049051113 104.42055390315102 405.8587514487052 
126.3340809392544 200.18405853204578 160.27093443866195 237.6476406331162 402.7865255334376 
47.063799668685284 112.79081466550366 270.49803027357797 67.41290302646979 224.19537060816086 
495.13251478532857 76.339990790585 207.32374904473704 162.84054014078774 237.7359139688704 
339.7771865012908 90.93967784461891 101.71240077542342 195.3960232666041 478.7595297872919 
354.55918536712426 462.1188179948786 390.30367535567296 397.73271155623354 276.9696589408358 
430.778138285311 371.449466509342 179.9051275540598 354.99218443616166 369.44754231729456 
215.7821162180072 150.27287840956777 17.85085529524787 295.5048413008383 321.5113984744704 
366.0434635509264 443.2571258117769 302.62421092546555 268.94660526154297 216.09874629298147 
63.09999131610105 415.68655287420813 149.26096075029915 436.13789591668456 471.6323476501325 
499.0651534112719 386.57269715259275 471.1408356106929 74.04439081853408 462.4271166906802 
203.73346778118838 241.79292072293012 438.31465879508227 133.19137267081186 507.2145586666707 
496.5113724668645 438.2291852152659 289.7838155132374 91.48171957080486 55.71423250848733 
400.4595494732158 474.83007060225566 188.2490720202206 379.97221829242716 93.59037118512663 
332.42676271320937 11.002851870159693 18.684449424148255 21.98691805326496 338.6317052348857 
70.18549245093114 120.91833928499267 112.39337136743582 419.31373768775956 159.43083188384688 
315.05445455895085 506.15251131025923 74.50277672970667 38.240797882380704 388.8769982010787 
294.93727317087064 253.38078926449157 461.4945957691914 326.7503348215455 162.8849776115911 
349.0541895147251 331.1805853866899 385.5225008625838 23.02468981747057 307.24840965278776 
370.74181675243744 15.795965805423132 360.8884994973795 468.06520918134873 347.42567463266454 
60.20660541093008 123.19720264358469 384.94331246949497 493.0282703343625 285.3512314621337 
114.5110913368072 489.96311472474395 398.42430283542893 429.0045309789389 489.736470339439 
99.63589307005148 282.27285246467306 69.26585250546447 55.378506181079025 380.31840084183017 
159.28991493284195 247.27661420921365 217.43097905029083 17.39323334931552 58.47817245408448 
400.14884962360816 38.79376298887026 457.3556904743932 66.70463467037018 285.7455726408365 
494.1083476574945 216.94781865015827 98.01686591040797 205.9536005211291 134.9023426530405 
378.4801676075134 414.0883085610016 460.08940104140976 502.9333409763795 15.481851295822015 
